<?xml version="1.0" encoding="UTF-8" standalone="no"?>
<!DOCTYPE svg PUBLIC "-//W3C//DTD SVG 20010904//EN"
              "http://www.w3.org/TR/2001/REC-SVG-20010904/DTD/svg10.dtd">

<svg xmlns="http://www.w3.org/2000/svg"
     width="87.8307mm" height="35.9788mm"
     viewBox="0 0 249 102">
  <path id="選択範囲 #2"
        fill="pink" stroke="black" stroke-width="1"
        d="M 36.00,81.00
           C 33.70,76.51 30.80,70.98 34.01,66.21
             35.77,63.59 38.98,62.25 39.31,60.32
             39.73,57.92 36.28,56.00 33.92,51.00
             30.58,43.93 31.48,34.15 36.39,28.02
             39.62,23.97 42.19,22.69 47.00,21.30
             69.48,14.80 80.33,37.77 72.59,52.00
             70.18,56.42 65.83,60.44 61.00,62.01
             57.60,63.11 54.43,62.72 52.21,64.02
             50.16,65.22 48.58,68.02 46.79,69.79
             40.95,75.63 41.59,72.05 38.00,81.00
             38.00,81.00 36.00,81.00 36.00,81.00 Z
           M 213.00,81.00
           C 212.45,79.32 211.99,77.57 211.07,76.04
             211.07,76.04 199.63,64.02 199.63,64.02
             197.11,62.47 194.46,63.51 190.00,61.87
             181.89,58.89 175.36,49.76 176.20,41.00
             178.44,17.43 204.76,14.60 215.21,28.09
             220.68,35.15 220.98,43.03 217.53,51.00
             216.52,53.34 212.98,58.13 213.03,59.91
             213.10,62.71 216.77,64.08 218.26,68.01
             219.86,72.26 217.56,77.08 216.00,81.00
             216.00,81.00 213.00,81.00 213.00,81.00 Z" />
</svg>
