<?xml version="1.0" encoding="UTF-8" standalone="no"?>
<!DOCTYPE svg PUBLIC "-//W3C//DTD SVG 20010904//EN"
              "http://www.w3.org/TR/2001/REC-SVG-20010904/DTD/svg10.dtd">

<svg xmlns="http://www.w3.org/2000/svg"
     width="38.0952mm" height="37.7425mm"
     viewBox="0 0 108 107">
  <path id="ribbon"
        fill="black" stroke="black" stroke-width="1"
        d="M 0.00,1.00
           C 5.14,3.99 10.47,10.27 14.80,14.60
             14.80,14.60 40.40,40.20 40.40,40.20
             42.87,42.68 52.27,50.78 51.99,54.00
             51.73,56.89 41.51,66.09 39.00,68.60
             39.00,68.60 0.00,107.00 0.00,107.00
             0.00,107.00 0.00,1.00 0.00,1.00 Z
           M 107.00,1.00
           C 107.00,1.00 108.00,26.00 108.00,26.00
             108.00,26.00 108.00,79.00 108.00,79.00
             108.00,79.00 107.00,107.00 107.00,107.00
             107.00,107.00 69.00,68.60 69.00,68.60
             66.45,66.05 56.27,56.91 56.01,53.95
             55.71,50.40 65.70,42.10 68.40,39.40
             68.40,39.40 107.00,1.00 107.00,1.00 Z" />
</svg>
